{
  "advancedEditorSelectedIdentifier" : "ProjectBrowser",
  "openSceneRelativePaths" : [
    "Immersive.usda"
  ],
  "recentIdentifiers" : {
    "AF09ED6F-1707-48FD-8720-65B998362C09" : [

    ]
  },
  "sceneCameraHistory" : {
    "AF09ED6F-1707-48FD-8720-65B998362C09" : [
      {
        "date" : 742016557.830334,
        "title" : "Untitled",
        "transform" : [
          0.89085,
          -1.3350695e-08,
          -0.4542975,
          0,
          -0.26007235,
          0.8199247,
          -0.50998604,
          0,
          0.37248984,
          0.5724714,
          0.73043,
          0,
          0.28836653,
          0.45700222,
          0.62653035,
          1
        ]
      },
      {
        "date" : 742016547.313822,
        "title" : "Untitled",
        "transform" : [
          0.5536198,
          -1.0393804e-08,
          -0.8327695,
          0,
          -0.6787057,
          0.57946366,
          -0.45119908,
          0,
          0.4825597,
          0.8149982,
          0.32080254,
          0,
          0.7021541,
          0.89841986,
          0.40808028,
          1
        ]
      },
      {
        "date" : 742016543.384446,
        "title" : "Untitled",
        "transform" : [
          0.8096941,
          -1.0602498e-08,
          -0.58685213,
          0,
          -0.48685783,
          0.55834484,
          -0.6717295,
          0,
          0.32766587,
          0.82960904,
          0.45208853,
          0,
          0.39206436,
          0.9315137,
          0.6009493,
          1
        ]
      },
      {
        "date" : 742016534.632438,
        "title" : "Untitled",
        "transform" : [
          0.99752486,
          5.2684577e-09,
          0.070315145,
          0,
          0.042907335,
          0.79223603,
          -0.6087044,
          0,
          -0.055706196,
          0.61021477,
          0.7902751,
          0,
          -0.028508022,
          0.30584437,
          0.4244385,
          1
        ]
      },
      {
        "date" : 742016525.697181,
        "title" : "Untitled",
        "transform" : [
          0.99752486,
          5.2684577e-09,
          0.070315145,
          0,
          0.042907335,
          0.79223603,
          -0.6087044,
          0,
          -0.055706196,
          0.61021477,
          0.7902751,
          0,
          -0.0087428335,
          0.09379628,
          0.13016671,
          1
        ]
      },
      {
        "date" : 742016439.916067,
        "title" : "Untitled",
        "transform" : [
          0.99752486,
          2.8685676e-09,
          0.07031514,
          0,
          0.042907335,
          0.79223603,
          -0.6087044,
          0,
          -0.055706188,
          0.61021477,
          0.7902751,
          0,
          -0.033888675,
          0.4288139,
          0.4481886,
          1
        ]
      },
      {
        "date" : 742016436.765758,
        "title" : "Untitled",
        "transform" : [
          0.99752486,
          2.8685676e-09,
          0.07031514,
          0,
          0.042907335,
          0.79223603,
          -0.6087044,
          0,
          -0.055706188,
          0.61021477,
          0.7902751,
          0,
          -0.008809725,
          0.11147477,
          0.116511434,
          1
        ]
      },
      {
        "date" : 742016432.143551,
        "title" : "Untitled",
        "transform" : [
          0.99752486,
          2.8685676e-09,
          0.07031514,
          0,
          0.042907335,
          0.79223603,
          -0.6087044,
          0,
          -0.055706188,
          0.61021477,
          0.7902751,
          0,
          -0.008742843,
          0.09379625,
          0.13016671,
          1
        ]
      },
      {
        "date" : 742011598.569565,
        "title" : "Untitled",
        "transform" : [
          0.99752486,
          -1.2569464e-10,
          0.07031513,
          0,
          0.042907316,
          0.7922361,
          -0.6087044,
          0,
          -0.055706188,
          0.6102147,
          0.79027516,
          0,
          -0.055627666,
          0.73871046,
          0.77864116,
          1
        ]
      },
      {
        "date" : 742011575.21338,
        "title" : "Untitled",
        "transform" : [
          0.9766154,
          -1.04645625e-10,
          0.21499386,
          0,
          0.13207436,
          0.7890596,
          -0.5999514,
          0,
          -0.16964296,
          0.6143169,
          0.7706077,
          0,
          -0.16258134,
          0.719969,
          0.735195,
          1
        ]
      }
    ]
  },
  "sceneViewportBackgroundColors" : {

  }
}